# .PCD v0.7 - Point Cloud Data file format
VERSION 0.7
FIELDS x y z rgb
SIZE 4 4 4 4
TYPE F F F F
COUNT 1 1 1 1
WIDTH 994
HEIGHT 1
VIEWPOINT 0 0 0 1 0 0 0
POINTS 994
DATA ascii
0.73271388 1.328245 0.28813577 5.7121606e-39
0.7198348 1.3291709 0.31813574 5.8036331e-39
0.73164243 1.3255222 0.30613565 5.8958316e-39
0.68962544 0.35658023 0.36213565 7.2827163e-39
0.61830264 0.47846878 0.36213565 1.9339642e-39
0.62676466 0.47967559 0.36213565 1.4719085e-39
0.67028362 0.43864381 0.36213565 4.146302e-39
0.67511904 0.43623018 0.36213565 3.7786041e-39
0.62192923 0.48691651 0.36213565 1.3807849e-39
0.64436769 0.32955191 0.3811357 1.1879941e-38
0.65411007 0.33198339 0.3811357 5.8158973e-39
0.58647007 0.40256581 0.38113585 4.7016436e-39
0.61253703 0.39813644 0.38113588 4.7020037e-39
0.63949645 0.39844388 0.38113588 4.7016422e-39
0.66294634 0.4006303 0.38113585 4.5165265e-39
0.68588883 0.40724346 0.38113582 4.8827769e-39
0.71987116 0.38547596 0.3811357 2.8623693e-39
0.58784139 0.45031533 0.38113588 4.0566329e-39
0.61230499 0.44920248 0.38113588 3.5027389e-39
0.63949639 0.45112601 0.38113591 2.9492008e-39
0.66351074 0.45193648 0.38113588 3.6867686e-39
0.68769574 0.45227772 0.38113588 3.4098174e-39
0.70490962 0.46675685 0.38113573 3.5020074e-39
0.73935592 0.47787216 0.3811357 7.9259445e-39
0.59322023 0.48273513 0.3811357 2.6718922e-39
0.61359072 0.49179792 0.38113582 1.7495674e-39
0.63841408 0.4894892 0.38113579 2.3012992e-39
0.66570365 0.5081197 0.38113585 3.5949289e-39
0.68769562 0.50986528 0.38113588 3.041395e-39
0.70507014 0.50480551 0.38113573 3.133948e-39
0.73838168 0.49635145 0.3811357 7.0061518e-39
0.66677517 0.54546732 0.3811357 3.8704326e-39
0.68687993 0.54462731 0.3811357 3.2250646e-39
0.70282197 0.54352212 0.3811357 3.0410349e-39
0.75396943 0.59458315 0.3811357 7.6357342e-39
0.76614749 0.62051892 0.3811357 5.2526524e-39
0.77832544 0.65293866 0.3811357 5.2418386e-39
0.78197879 0.66388035 0.3811357 3.5884325e-39
0.71256435 1.3507733 0.3811357 5.6199565e-39
0.51951921 0.35309222 0.42113566 4.6098109e-39
0.53960335 0.33819377 0.4182786 4.7942008e-39
0.56280428 0.33526707 0.41093165 4.8863992e-39
0.58773994 0.3376725 0.40824679 5.4395674e-39
0.6121465 0.33917367 0.40684995 5.5281729e-39
0.63664812 0.34362471 0.40231204 7.9227467e-39
0.6615895 0.34688237 0.40184984 8.5727699e-39
0.68400133 0.35543177 0.40446901 9.2177553e-39
0.51761132 0.38758841 0.42113581 4.7938378e-39
0.53865862 0.39072108 0.40532923 4.7020051e-39
0.56310368 0.38927907 0.40113577 4.6101683e-39
0.58807296 0.37306276 0.40113559 4.5179684e-39
0.61486959 0.36771676 0.40113571 5.0704289e-39
0.63762867 0.36734554 0.40113568 5.9923796e-39
0.66448277 0.37018007 0.40113562 6.91398e-39
0.68782133 0.38176116 0.40113553 5.4374164e-39
0.71163619 0.39543 0.40363583 1.0133976e-38
0.51966476 0.4441565 0.42113572 4.6098011e-39
0.53869486 0.45040631 0.40680248 4.5179698e-39
0.56347948 0.44837618 0.4011358 4.425777e-39
0.58199537 0.47434029 0.40113568 3.5034465e-39
0.69653451 0.42696857 0.40113568 3.5891752e-39
0.71234995 0.44699004 0.4015131 4.9724642e-39
0.73019487 0.45940542 0.40113559 6.5441045e-39
0.54055429 0.49423248 0.41882807 4.2402997e-39
0.56312126 0.50685096 0.40893227 3.6871259e-39
0.58789754 0.51040137 0.40613562 2.7630046e-39
0.61193746 0.51884842 0.40708157 1.8414071e-39
0.63785553 0.51816171 0.40548354 2.7630074e-39
0.65280145 0.51696002 0.40113571 4.0555511e-39
0.69653451 0.50047648 0.40113568 3.1335864e-39
0.71337849 0.5115267 0.40113574 3.5942086e-39
0.73370427 0.51398218 0.40326333 5.8983791e-39
0.75053149 0.52497905 0.40113568 7.7430078e-39
0.57145691 0.54320872 0.42113566 3.2250688e-39
0.64122564 0.55243075 0.41959727 2.7644494e-39
0.66247833 0.5707227 0.40635309 4.2381375e-39
0.68696064 0.57432944 0.40150616 3.6860385e-39
0.71223724 0.57090604 0.40304065 3.3151008e-39
0.73508584 0.57491797 0.41052341 9.9492457e-39
0.7521311 0.58288133 0.40613568 8.9473145e-39
0.69014525 0.61877179 0.41873577 4.1459391e-39
0.71241295 0.62805146 0.41621247 3.132869e-39
0.73623317 0.61238617 0.4201358 3.683896e-39
0.76486349 0.62397468 0.41446906 4.8831328e-39
0.78097361 0.64006823 0.41022658 1.5680628e-39
0.71680653 0.66856045 0.42113569 3.3172532e-39
0.72974336 0.66913009 0.42113566 3.1321459e-39
0.76974088 0.6644274 0.41113567 4.2413899e-39
0.77753001 0.66709429 0.40113568 5.1485499e-39
0.56740987 0.80537659 0.42113566 7.9190964e-39
0.58105898 0.80086106 0.42113572 9.5728626e-39
0.69511819 1.362932 0.42113566 6.1709793e-39
0.70410973 1.3611037 0.41613567 5.7117962e-39
0.5192591 0.016904414 0.44113564 6.6362987e-39
0.53670335 0.03680703 0.44113564 5.6185272e-39
0.49456528 0.082718819 0.44113556 2.4835283e-39
0.5146147 0.089956127 0.4411355 7.3659772e-39
0.53602374 0.08543282 0.44113567 3.0413964e-39
0.51178294 0.12636891 0.44113564 1.3807793e-39
0.52922726 0.12636891 0.44113564 1.2882291e-39
0.52424318 0.29554129 0.44113564 4.8860363e-39
0.53919542 0.29554129 0.44113564 5.2551761e-39
0.55996245 0.29637054 0.44113564 6.3611664e-39
0.49932277 0.35276136 0.44113564 4.8853118e-39
0.5162133 0.33258227 0.44113556 4.7942008e-39
0.53421134 0.31366691 0.44113564 4.978592e-39
0.56482786 0.30442637 0.44113567 6.1778527e-39
0.58903617 0.30549261 0.44113564 7.4675055e-39
0.60897255 0.30869123 0.44113567 9.2970338e-39
0.49932283 0.37598106 0.44113564 4.8853202e-39
0.50555283 0.39505443 0.44113559 4.7938364e-39
0.49932277 0.44978666 0.44113564 4.792756e-39
0.50967425 0.45074362 0.44113553 4.6090864e-39
0.51961517 0.51287091 0.44113553 4.3324982e-39
0.5352425 0.52021796 0.4411355 4.3321366e-39
0.56245446 0.53520215 0.44113564 3.500934e-39
0.58405215 0.53686064 0.44113564 2.9466812e-39
0.61644864 0.53520215 0.44113564 1.5651803e-39
0.74603474 0.53188503 0.44113564 7.6511653e-39
0.75351083 0.53188503 0.44113564 7.9259571e-39
0.52424318 0.54432416 0.44113564 4.6987583e-39
0.53836471 0.54929984 0.44113556 3.9629926e-39
0.5644992 0.55025661 0.44113564 3.5005725e-39
0.59136933 0.56692636 0.44113547 2.5789735e-39
0.61127287 0.56441802 0.4411355 1.9336013e-39
0.63741112 0.56554389 0.44113559 1.7499373e-39
0.65549064 0.59159291 0.44113564 3.5924066e-39
0.7424351 0.55289334 0.44113564 6.3589845e-39
0.75351083 0.56173897 0.44113564 8.0130576e-39
0.67044282 0.60734916 0.44113564 4.8817021e-39
0.68438393 0.63875353 0.44113553 4.9735404e-39
0.71563184 0.65130079 0.44113564 3.4094531e-39
0.73596686 0.63637382 0.44113553 3.5934912e-39
0.7620551 0.63495225 0.44113564 4.8849377e-39
0.77843124 0.62642252 0.44113564 1.9160514e-40
0.69453257 0.66913027 0.44113564 4.6051166e-39
0.71385491 0.68223637 0.44113553 3.6845966e-39
0.73825645 0.67874229 0.4411355 2.9491938e-39
0.76205498 0.67546839 0.44113556 4.8802741e-39
0.78092331 0.67617911 0.44113564 1.6756277e-38
0.52424318 0.77569222 0.44113564 4.1513061e-39
0.54044145 0.77444834 0.44113564 6.7205812e-39
0.56162381 0.77444834 0.44113564 9.7572538e-39
0.57906806 0.77569222 0.44113564 1.6450835e-38
0.4744024 0.83042449 0.44113564 7.4617392e-39
0.48779708 0.81922919 0.44113559 8.2936368e-39
0.52424318 0.79310703 0.44113564 4.0454548e-39
0.54211718 0.80280095 0.4411355 5.9837238e-39
0.56181544 0.80682218 0.4411355 8.0102116e-39
0.59135032 0.79914898 0.44113553 1.1597572e-38
0.52152461 0.85349345 0.44113567 4.4228665e-39
0.5393734 0.85850155 0.44113553 6.1684738e-39
0.57159197 0.84286368 0.44113564 6.5393933e-39
0.59402025 0.84037578 0.44113564 6.6326623e-39
0.69245583 1.3628199 0.44113564 6.1709835e-39
0.47133037 0.059194386 0.46113563 1.6566487e-39
0.48806942 0.047735602 0.46113577 2.7612026e-39
0.51102573 0.035202518 0.46113583 3.6809967e-39
0.53493869 0.044154715 0.4611358 3.4959048e-39
0.55845708 0.049418606 0.46113577 3.2239898e-39
0.46646082 0.090944782 0.46113583 2.1183499e-39
0.48388463 0.097796194 0.46113583 2.2098211e-39
0.51120865 0.092812471 0.46113575 6.1731625e-39
0.53779417 0.091731198 0.46113583 5.2475965e-39
0.56172103 0.091780327 0.46113586 1.9325153e-39
0.580971 0.097420216 0.4611358 3.0377825e-39
0.46881956 0.12937956 0.46113563 1.658092e-39
0.48933923 0.13906023 0.4611358 1.197467e-39
0.5116834 0.15390855 0.46113586 4.6062082e-40
0.53652132 0.15070853 0.4611358 5.5209618e-40
0.56038207 0.14976665 0.46113583 7.3576437e-40
0.58637315 0.13507636 0.4611358 4.7826359e-39
0.61068285 0.12812625 0.46113563 2.6704251e-39
0.51150405 0.19217676 0.46113577 9.219563e-41
0.53912342 0.18452495 0.46113563 9.219563e-41
0.55837333 0.18703157 0.46113563 1.2867745e-39
0.49560198 0.29147378 0.46113563 4.4264973e-39
0.51056248 0.28322285 0.4611358 4.7023625e-39
0.53661251 0.27518082 0.4611358 5.2551691e-39
0.56232375 0.27897418 0.46113577 6.4533508e-39
0.58431888 0.28760943 0.46113575 7.1909116e-39
0.60356879 0.29314488 0.46113563 6.7205784e-39
0.48776507 0.33993503 0.46113583 4.8849587e-39
0.50822067 0.32046053 0.4611358 4.7945595e-39
0.46601322 0.40009364 0.46113575 5.618921e-39
0.48557565 0.39160186 0.4611358 4.9771529e-39
0.46296084 0.42641306 0.46113572 8.751406e-39
0.48649585 0.44501236 0.4611358 4.7009233e-39
0.50246495 0.46927616 0.46113563 4.4250525e-39
0.49083781 0.51655471 0.4611358 4.3321366e-39
0.50527024 0.50692719 0.4611358 4.3328555e-39
0.4945558 0.55111706 0.46113563 4.8831538e-39
0.51198685 0.56639779 0.46113583 5.0650241e-39
0.53697139 0.57663095 0.46113583 4.3299758e-39
0.56150281 0.57403058 0.46113583 3.3169043e-39
0.57833141 0.57632774 0.46113575 2.7630046e-39
0.61695993 0.57698876 0.46113577 1.5651789e-39
0.63478702 0.58432961 0.46113577 1.4726246e-39
0.65211189 0.59560937 0.46113563 2.8562821e-39
0.74752444 0.55049038 0.46113563 7.7415532e-39
0.75939387 0.55459213 0.46113572 7.3742127e-39
0.52154744 0.60312921 0.46113563 6.9002991e-39
0.53843862 0.62261248 0.46113583 7.4567029e-39
0.56191808 0.62421411 0.46113583 4.5129223e-39
0.58665943 0.62806803 0.46113583 3.4065678e-39
0.60778981 0.6254707 0.4611358 2.393862e-39
0.66560781 0.6307019 0.4611358 4.4214498e-39
0.67722046 0.65326142 0.46113563 5.5245645e-39
0.74465483 0.64180267 0.46113575 3.9615576e-39
0.75405264 0.6437363 0.46113569 4.5161663e-39
0.52656913 0.68083417 0.46113563 5.6203433e-39
0.56315595 0.70410997 0.46113575 4.6933591e-39
0.58705807 0.68618917 0.46113583 4.4200106e-39
0.61052591 0.67770076 0.4611358 3.6842421e-39
0.67076403 0.66865915 0.46113566 5.1579414e-39
0.68665141 0.69012702 0.4611358 5.0650199e-39
0.71111697 0.70569152 0.4611358 4.1444972e-39
0.73868614 0.70309293 0.46113577 2.8566394e-39
0.76240355 0.69494551 0.4611358 3.6824498e-39
0.78016555 0.7033937 0.46113572 5.6156672e-39
0.51515621 0.76218522 0.4611358 6.9132149e-39
0.5368135 0.74951535 0.4611358 8.6606285e-39
0.56281972 0.75822586 0.4611358 8.284988e-39
0.58701563 0.75036925 0.46113583 9.0132078e-39
0.61105937 0.7539019 0.46113583 8.1910015e-39
0.63499248 0.74509466 0.4611358 2.8526611e-39
0.69563341 0.72261107 0.46113563 4.8798986e-39
0.71333814 0.73173773 0.4611358 4.6951514e-39
0.73735225 0.73803633 0.46113583 3.1314256e-39
0.75482875 0.74236012 0.46113572 2.5796952e-39
0.78016549 0.72093999 0.46113563 5.1618875e-39
0.46539563 0.82576191 0.46113572 9.0326592e-39
0.48867807 0.81755847 0.4611358 6.8167047e-39
0.51150399 0.81318331 0.46113583 6.0795152e-39
0.53385866 0.81360358 0.46113577 4.5107447e-39
0.56674284 0.83373749 0.46113563 6.9063723e-39
0.58778626 0.82454664 0.46113577 8.8399709e-39
0.61046118 0.81019467 0.46113583 9.1190801e-39
0.63598961 0.82859248 0.46113577 6.1698989e-39
0.65336728 0.83248419 0.46113563 6.1688185e-39
0.46731302 0.84326267 0.46113563 6.9114058e-39
0.48871323 0.84665626 0.46113575 4.6018656e-39
0.51081926 0.87042511 0.46113583 4.7891281e-39
0.53645569 0.87697667 0.4611358 6.0798711e-39
0.56118309 0.87062079 0.46113586 6.5404765e-39
0.58674455 0.86929744 0.46113583 6.6326693e-39
0.61083353 0.86552155 0.4611358 6.6315931e-39
0.63704681 0.86543208 0.46113583 6.4461271e-39
0.65694046 0.86709464 0.4611358 6.2592191e-39
0.51987356 0.90308714 0.46113563 4.1455663e-39
0.53478658 0.9055177 0.46113572 4.8834789e-39
0.5633353 0.91377032 0.4611358 5.6199663e-39
0.58768702 0.92036861 0.4611358 5.4352178e-39
0.61151081 0.92317545 0.4611358 5.3426606e-39
0.6365447 0.9142831 0.46113583 5.8951127e-39
0.65311623 0.9074319 0.46113563 5.7099984e-39
0.69061172 1.367646 0.46113563 6.1713409e-39
0.44583532 0.054977156 0.48213577 2.4856933e-39
0.46380267 0.044366546 0.48213577 1.9335985e-39
0.48581895 0.021485202 0.4821358 4.1423251e-39
0.52175373 0.014555812 0.48213577 4.7012919e-39
0.53801286 0.017334793 0.48213577 5.4395576e-39
0.56553328 0.026738357 0.48213577 5.8987365e-39
0.5886417 0.041999772 0.48213577 5.9909251e-39
0.60981888 0.048913941 0.4821358 5.3444655e-39
0.44583535 0.089840591 0.48213577 2.3027426e-39
0.45460811 0.096745893 0.4821358 2.1190688e-39
0.59186369 0.087530792 0.48213577 3.5016459e-39
0.61234957 0.09186165 0.48213577 4.9753298e-39
0.62500262 0.1120723 0.48213577 5.894747e-39
0.44617277 0.12638824 0.48213577 3.1271208e-39
0.46365076 0.14147885 0.48213577 1.565532e-39
0.48379454 0.16007267 0.48213577 3.6842239e-40
0.5237782 0.170178 0.48213577 1.8403113e-40
0.54233599 0.17186223 0.48213577 1.8403113e-40
0.56643713 0.15646364 0.48213577 2.2058498e-39
0.58905488 0.1547609 0.48213577 4.4127785e-39
0.60935885 0.13251269 0.48213577 1.8403099e-39
0.62500262 0.124704 0.48213577 5.8951099e-39
0.44785982 0.19291502 0.48213577 7.3745532e-39
0.4579823 0.19342029 0.48213577 3.5956198e-39
0.48936197 0.20516773 0.48213577 3.6806646e-40
0.51444316 0.21475378 0.48213577 1.1049098e-39
0.53877437 0.21106723 0.48213577 1.3804135e-39
0.56462944 0.20987758 0.4821358 3.8639222e-39
0.58487433 0.20031358 0.4821358 4.138707e-39
0.4723224 0.28807363 0.48213577 7.3727805e-39
0.48694387 0.26926649 0.48213577 4.9775074e-39
0.51264346 0.25182915 0.48213577 4.241013e-39
0.53872079 0.24909592 0.48213577 4.2392109e-39
0.56465733 0.2519924 0.4821358 4.5143587e-39
0.58686268 0.26220879 0.4821358 5.0671639e-39
0.44482309 0.34853724 0.48213577 5.068987e-39
0.46334118 0.33008018 0.4821358 6.3600874e-39
0.48364988 0.31057006 0.4821358 6.1785309e-39
0.42255375 0.41775879 0.48213577 6.7043556e-39
0.43971255 0.38842869 0.48213574 7.9216495e-39
0.45863521 0.38418302 0.48213577 5.7129117e-39
0.42171022 0.43207467 0.48213577 4.324564e-39
0.43892193 0.44721463 0.48213574 7.0029372e-39
0.4614282 0.455385 0.48213574 4.6080089e-39
0.48075777 0.47586447 0.48213577 4.5172482e-39
0.44482309 0.52386481 0.4821358 4.6083648e-39
0.46304345 0.51123327 0.4821358 4.3324982e-39
0.48352945 0.4995639 0.48213577 4.424691e-39
0.74647188 0.53902286 0.48213577 7.7426378e-39
0.75153309 0.53902286 0.48213577 8.1096169e-39
0.44448566 0.54575974 0.48213577 5.0693415e-39
0.4660801 0.56313115 0.48213577 9.1212619e-39
0.48666266 0.57210588 0.48213577 6.9932038e-39
0.50758231 0.59763384 0.48213577 7.5420644e-39
0.61994135 0.59965485 0.48213577 5.54271e-40
0.63295597 0.59821123 0.4821358 1.6577347e-39
0.49847203 0.60723388 0.48213577 7.6342628e-39
0.51376343 0.63007826 0.48213574 7.1757986e-39
0.53693736 0.64967626 0.48213577 1.2793984e-38
0.56065279 0.65018159 0.4821358 4.6872341e-39
0.59897345 0.62852728 0.4821358 3.1296278e-39
0.61471152 0.63047618 0.4821358 2.4856975e-39
0.63503134 0.63006437 0.48213577 1.8414043e-39
0.65271872 0.63117397 0.48213577 2.4864276e-39
0.51565921 0.68807673 0.48213577 4.5129293e-39
0.53842908 0.68803227 0.48213577 7.0918832e-39
0.56323272 0.681072 0.48213577 5.5227499e-39
0.59463525 0.70643467 0.4821358 4.0508694e-39
0.61465013 0.69955993 0.48213577 3.0385097e-39
0.63512492 0.68807667 0.4821358 2.7637263e-39
0.65948218 0.68997145 0.48213577 3.1325144e-39
0.67922997 0.71153539 0.4821358 3.4958978e-39
0.76228821 0.71333987 0.48213577 3.3161756e-39
0.77936983 0.68555027 0.48213577 1.7535475e-38
0.47316593 0.77649832 0.48213577 9.2148686e-39
0.49132684 0.76579845 0.48213577 7.9248501e-39
0.51112509 0.73944521 0.48213577 4.6065305e-39
0.5428983 0.72709447 0.48213577 5.5310287e-39
0.56123132 0.73127687 0.48213577 4.8780727e-39
0.59126109 0.72176111 0.48213577 2.2047806e-39
0.61291194 0.73944533 0.48213577 3.7706503e-39
0.63632375 0.75070328 0.48213577 4.4189036e-39
0.65619063 0.74536306 0.48213577 2.7611914e-39
0.6870026 0.73329806 0.48213577 3.3115037e-39
0.71176642 0.75953573 0.4821358 6.4407517e-39
0.73659033 0.76831764 0.48213577 3.8625055e-39
0.76341128 0.75010055 0.48213577 3.223987e-39
0.78105688 0.73944539 0.48213577 5.8047472e-39
0.44785982 0.82449865 0.48213577 7.7372316e-39
0.46327353 0.80819219 0.48213577 9.4903919e-39
0.4875505 0.79192233 0.48213577 3.3158071e-39
0.5098598 0.80428803 0.48213577 3.128176e-39
0.61825424 0.80063879 0.48213577 6.8084286e-39
0.63512492 0.80072522 0.48213577 6.352851e-39
0.65699667 0.81421286 0.4821358 6.1684612e-39
0.71610451 0.78912997 0.48213577 1.4652277e-38
0.74647188 0.78660363 0.48213577 4.1362085e-39
0.76570457 0.79957229 0.4821358 5.3411836e-39
0.78158408 0.81155109 0.48213577 4.6972674e-39
0.80901408 0.811867 0.4821358 7.0889812e-39
0.44785982 0.84218299 0.48213577 7.186206e-39
0.46499017 0.85500896 0.4821358 6.2649686e-39
0.48904783 0.87389308 0.48213577 4.7898427e-39
0.61538619 0.88664657 0.48213577 6.4472019e-39
0.6351251 0.88024652 0.4821358 6.5390416e-39
0.66357249 0.87424147 0.48213577 6.7195092e-39
0.68067604 0.87923586 0.48213577 1.1519754e-38
0.49847203 0.90534133 0.48213577 3.8664501e-39
0.51213735 0.91039401 0.48213577 3.3143651e-39
0.54180878 0.9214468 0.48213577 4.0544357e-39
0.56545883 0.94145304 0.48213577 4.1433985e-39
0.58735967 0.94986802 0.48213577 4.3274395e-39
0.61349976 0.9519636 0.48213577 5.7114487e-39
0.6356312 0.94542587 0.4821358 5.4348534e-39
0.66125935 0.93257982 0.48213574 5.3422934e-39
0.67987674 0.92754656 0.48213577 5.4337674e-39
0.57439035 0.96344703 0.48213577 7.4631278e-39
0.5927071 0.98606372 0.48213577 7.1851313e-39
0.61323237 0.99094301 0.48213577 7.0943706e-39
0.63503289 0.98907775 0.48213574 6.3564468e-39
0.66004181 0.98158473 0.48213577 5.6181643e-39
0.68151951 0.98113143 0.48213577 5.0667898e-39
0.57439035 1.0746057 0.48213577 7.2809114e-39
0.59277052 1.0365777 0.48213577 7.7401001e-39
0.61234963 1.0341843 0.48213577 7.2780415e-39
0.63691139 1.0420609 0.48213577 6.2620946e-39
0.65323883 1.0578521 0.48213577 6.2527381e-39
0.61589235 1.1079534 0.48213577 7.0922083e-39
0.63343799 1.1082902 0.48213577 5.8032716e-39
0.65536988 1.0847111 0.48213577 5.2461279e-39
0.61994135 1.1529222 0.48213577 7.1847767e-39
0.63604528 1.1522331 0.48213577 6.6326707e-39
0.6275332 1.2565019 0.48213577 8.477305e-39
0.69079846 1.2135543 0.48213577 1.1985432e-38
0.57945156 1.2716599 0.48213577 7.0039784e-39
0.61769187 1.3075901 0.48213577 7.4635118e-39
0.63362551 1.2965487 0.48213577 7.2791205e-39
0.66432434 1.29498 0.4821358 6.1720583e-39
0.68722588 1.3085146 0.48213577 6.9074654e-39
0.70092088 1.3095548 0.48213577 6.0791424e-39
0.57945156 1.3575552 0.48213577 5.8976392e-39
0.61690462 1.3327971 0.48213577 7.0018134e-39
0.63268822 1.3365959 0.48213577 5.9887433e-39
0.65536988 1.3272392 0.48213577 5.2508237e-39
0.68911141 1.3356603 0.48213577 6.9074556e-39
0.68776178 1.425261 0.48213577 1.6296644e-38
0.6933291 1.4485033 0.48213577 1.7931015e-38
0.43746266 0.048102431 0.50313568 3.2232527e-39
0.46232873 0.02837047 0.50313568 2.0243536e-39
0.48018131 0.0080019832 0.50313568 4.4232364e-39
0.54036993 0.0049467324 0.50313568 7.3749413e-39
0.6066795 0.050775792 0.50313568 6.0809501e-39
0.43469977 0.080564633 0.50313568 2.6711607e-39
0.44256338 0.13530484 0.50313568 3.6874679e-39
0.46074995 0.16319026 0.50313568 1.8439967e-40
0.47678083 0.17264703 0.50313568 9.219563e-41
0.59749818 0.15906808 0.50313568 3.7695755e-39
0.61125463 0.15490183 0.50313568 3.9572108e-39
0.44957691 0.18622598 0.50313568 5.4395408e-39
0.46572921 0.19343983 0.50313568 6.4357435e-40
0.48098665 0.22294278 0.50313568 2.487138e-39
0.59035718 0.20679811 0.50313568 3.9535997e-39
0.61280042 0.18658969 0.50313568 4.7862484e-39
0.62810254 0.18877204 0.50313568 5.8954728e-39
0.44957691 0.29570645 0.50313568 1.0144049e-38
0.46283886 0.27482876 0.50313568 5.7150697e-39
0.47763094 0.24733135 0.50313568 4.7009205e-39
0.42014962 0.34878188 0.50313568 5.0678954e-39
0.4372175 0.32860926 0.50313568 5.4392059e-39
0.457228 0.31352881 0.50313568 8.1218376e-39
0.41517669 0.3918052 0.50313568 5.2490468e-39
0.43257448 0.38906181 0.50313568 6.4429223e-39
0.41498065 0.44348842 0.50313568 4.6076361e-39
0.4312143 0.47240278 0.50313568 4.6098053e-39
0.42407325 0.52739757 0.50313568 4.5176083e-39
0.43512496 0.50414366 0.50313568 4.5168908e-39
0.44413623 0.57254773 0.50313568 5.7057132e-39
0.45943832 0.58782405 0.50313568 1.3642086e-38
0.48103142 0.59698981 0.50313568 5.3519862e-39
0.46521914 0.62516612 0.50313568 5.6142336e-39
0.48517355 0.62728965 0.50313568 6.6255059e-39
0.50058424 0.64960831 0.50313568 4.6004488e-39
0.638304 0.62414771 0.50313568 2.0290437e-39
0.49402609 0.69580108 0.50313568 4.4228987e-39
0.50109428 0.69136369 0.50313568 4.2374215e-39
0.6556465 0.69747418 0.50313568 2.8570065e-39
0.46589923 0.77283746 0.50313568 9.3041986e-39
0.48623836 0.74954104 0.50313568 5.7103655e-39
0.50160438 0.72700846 0.50313568 3.6835106e-39
0.66753513 0.74870872 0.50313568 3.4051258e-39
0.6872111 0.75594366 0.50313568 5.7982451e-39
0.70461357 0.76927292 0.50313568 1.1944797e-38
0.78112459 0.76394939 0.50313568 5.2547936e-39
0.44447619 0.82274008 0.50313568 8.2918375e-39
0.46028844 0.7891323 0.50313568 9.0297627e-39
0.49548352 0.81000984 0.50313568 3.1282167e-39
0.50228453 0.80916119 0.50313568 3.5002152e-39
0.64646518 0.78709537 0.50313568 6.1702605e-39
0.6660254 0.81034207 0.50313568 6.6261995e-39
0.68712538 0.8041904 0.50313568 7.1764979e-39
0.71226472 0.7906599 0.50313568 1.4276675e-38
0.73861837 0.80180591 0.50313568 5.7939151e-39
0.75653177 0.81855744 0.50313568 7.1771887e-39
0.7880044 0.80864805 0.50313568 5.5259294e-39
0.81063575 0.80837327 0.50313568 8.0109276e-39
0.44702655 0.85074675 0.50313568 7.0936559e-39
0.4660126 0.87931919 0.50313568 5.8032744e-39
0.47861183 0.88776261 0.50313568 5.4337716e-39
0.6718232 0.86347705 0.50313568 1.1605508e-38
0.6854108 0.88504368 0.50313568 7.7350736e-39
0.77092302 0.84820074 0.50313568 4.1380161e-39
0.79132599 0.84820074 0.50313568 3.309703e-39
0.80322766 0.84650338 0.50313568 1.0212485e-38
0.48584875 0.90817451 0.50313568 3.7771257e-39
0.50568497 0.91779298 0.50313568 2.3934822e-39
0.53628927 0.93413019 0.50313568 2.6700705e-39
0.55924273 0.95004308 0.50313568 3.5902416e-39
0.67400914 0.93094754 0.50313568 5.4341261e-39
0.68767905 0.92682284 0.50313568 5.1564631e-39
0.73266757 0.93476665 0.50313568 3.4065594e-39
0.76684248 0.91032451 0.50313568 5.2375268e-39
0.78239971 0.92967451 0.50313568 6.70831e-39
0.56816888 0.98759735 0.50313568 7.8322901e-39
0.58605605 0.995184 0.50313568 7.8330174e-39
0.60259891 0.99587202 0.50313568 7.6486275e-39
0.64000428 1.0153918 0.50313568 6.1713395e-39
0.66589433 1.0011955 0.50313568 5.4334101e-39
0.68134147 0.99173474 0.50313568 5.2493747e-39
0.79132599 0.98568785 0.50313568 3.5016207e-39
0.57199448 1.0315168 0.50313568 7.8326573e-39
0.58511066 1.0571231 0.50313568 7.831937e-39
0.61361653 1.0626806 0.50313568 7.0929286e-39
0.63636082 1.0572197 0.50313568 6.0776991e-39
0.66380763 1.0460478 0.50313568 1.0221117e-38
0.5707193 1.0875301 0.50313568 6.9099821e-39
0.59065247 1.1038784 0.50313568 7.4627943e-39
0.6127041 1.1098201 0.50313568 6.9092576e-39
0.63710392 1.1101947 0.50313568 5.8025555e-39
0.6582433 1.0935481 0.50313568 5.7020964e-39
0.71073449 1.0956775 0.50313568 4.5125622e-39
0.59579796 1.1571224 0.50313568 7.7390239e-39
0.61378753 1.162105 0.50313568 7.6464667e-39
0.63847405 1.162554 0.50313568 7.3695155e-39
0.6620335 1.1749815 0.50313568 6.9067493e-39
0.67910987 1.1842802 0.50313568 4.3382239e-39
0.61571515 1.2486591 0.50313568 8.5691433e-39
0.63921481 1.2406572 0.50313568 8.0170443e-39
0.66407609 1.2326554 0.50313568 7.183346e-39
0.6884613 1.2131356 0.50313568 1.2995247e-38
0.58583945 1.275211 0.50313568 7.6486247e-39
0.61180508 1.2853775 0.50313568 8.1085225e-39
0.63948107 1.2837727 0.50313568 7.4631517e-39
0.66295755 1.2859105 0.50313568 6.7245146e-39
0.68189222 1.2916777 0.50313568 7.0929426e-39
0.59239733 1.3566079 0.50313568 6.633405e-39
0.6101082 1.3533099 0.50313568 6.6333938e-39
0.64165133 1.3526381 0.50313568 5.0664324e-39
0.66052866 1.3435906 0.50313568 5.1586281e-39
0.68166029 1.3370436 0.50313568 6.3553664e-39
0.63976139 1.4068784 0.50313568 5.0649947e-39
0.66125739 1.3930569 0.50313568 5.1564631e-39
0.68676108 1.3950938 0.50313568 5.8947666e-39
0.70461357 1.4006951 0.50313568 4.9774976e-39
0.68591088 1.4507675 0.50313568 2.2104956e-38
0.43064713 0.043262243 0.52513576 3.5920338e-39
0.42200282 0.10010912 0.54613566 4.6086857e-39
0.42910448 0.093569912 0.52513582 3.7749902e-39
0.42200279 0.12080061 0.54613566 6.9106841e-39
0.43799305 0.1371308 0.52513576 5.2518929e-39
0.46149987 0.16646469 0.52513576 2.7586942e-40
0.61790621 0.15191996 0.52513587 5.6178168e-39
0.62604785 0.16646469 0.52513576 6.4468516e-39
0.46149984 0.19829202 0.52513582 4.6169141e-40
0.59359509 0.22719617 0.53813589 4.7862498e-39
0.61018139 0.21102168 0.53773558 5.0649905e-39
0.41811657 0.29538536 0.54613566 5.2522979e-39
0.43786484 0.27918461 0.53773588 5.8983679e-39
0.45473507 0.25576812 0.53563571 5.622874e-39
0.59270662 0.24889641 0.52933574 5.1604427e-39
0.60336006 0.24494979 0.54613566 5.8050905e-39
0.39058915 0.3366068 0.54613578 4.7020037e-39
0.41005513 0.32255349 0.53366709 5.5288847e-39
0.43092704 0.30795377 0.52863574 5.5317434e-39
0.34945995 0.37944466 0.54613566 5.8026088e-39
0.36830223 0.38508785 0.54613572 4.7016408e-39
0.38579702 0.38935494 0.54099268 5.0682639e-39
0.40493652 0.36410201 0.52513576 5.2508447e-39
0.3877928 0.44934344 0.54151547 3.964073e-39
0.40956435 0.46548739 0.52513593 4.1484572e-39
0.39258808 0.49842599 0.54282004 4.0559029e-39
0.41094416 0.51077408 0.5340023 4.5165321e-39
0.42721903 0.49842697 0.52513576 4.4250525e-39
0.41784978 0.56626427 0.54422677 4.6072746e-39
0.43064713 0.56898654 0.52513587 5.0664521e-39
0.42200279 0.60446501 0.54613566 4.9778494e-39
0.43804014 0.62847829 0.53613561 4.6069186e-39
0.45872596 0.63503176 0.52693582 4.6036788e-39
0.48399666 0.65542454 0.52513576 3.3140246e-39
0.44569024 0.68501419 0.54613578 4.2385089e-39
0.46158206 0.68987352 0.54136288 4.1473824e-39
0.48172545 0.68750846 0.52513593 4.1466692e-39
0.44288862 0.75408942 0.54513586 6.4457585e-39
0.46092975 0.74521422 0.53537953 5.0660779e-39
0.48176593 0.7329545 0.52513587 3.0377839e-39
0.66865408 0.77294362 0.52513576 7.5499607e-39
0.68605691 0.77263689 0.52675122 1.05863e-38
0.70317978 0.77734363 0.52513576 2.0157869e-38
0.78832412 0.77303863 0.53563571 1.078401e-38
0.80285311 0.77775651 0.54613566 7.8297622e-39
0.4178575 0.83310634 0.54613572 7.7390043e-39
0.43527845 0.80471063 0.53758031 8.475154e-39
0.45121562 0.78247708 0.52513576 8.6613417e-39
0.669756 0.79824418 0.52513587 6.8098747e-39
0.68820482 0.81262726 0.52833128 7.5398784e-39
0.71293086 0.81957483 0.53589171 6.4407307e-39
0.73515576 0.81628567 0.52581328 7.7285604e-39
0.76488525 0.83894491 0.52513576 3.8628782e-39
0.79573804 0.83381146 0.52513576 4.3166341e-39
0.81416404 0.8239724 0.52513587 1.0952915e-38
0.41854838 0.85534972 0.54613572 7.0046874e-39
0.43571797 0.8738941 0.54101366 6.7259496e-39
0.45667917 0.88161659 0.52513587 5.7117976e-39
0.69033325 0.86352062 0.52921909 8.2788671e-39
0.71282917 0.87068164 0.53407997 5.9822777e-39
0.73877895 0.86793071 0.53479552 2.1151087e-39
0.76163089 0.87139928 0.52769661 8.00479e-39
0.78507954 0.87059313 0.53330219 7.4509043e-39
0.80867362 0.8686164 0.53271908 1.380347e-38
0.438584 0.90992367 0.54613584 5.3437382e-39
0.4622865 0.91425997 0.53950423 3.9597303e-39
0.48813719 0.92519987 0.53805888 1.933223e-39
0.51415187 0.93675858 0.53625351 1.4718861e-39
0.5357753 0.94955969 0.53659034 2.1161849e-39
0.55405813 0.95701391 0.52513576 4.046559e-39
0.69587266 0.93377835 0.52513587 4.7866001e-39
0.71271378 0.92971575 0.53738546 4.9702725e-39
0.72921622 0.93020773 0.53773576 3.1310445e-39
0.76731706 0.92009544 0.52863586 4.7812206e-39
0.78582346 0.92830801 0.52819002 8.3732544e-39
0.80896741 0.93708223 0.5451588 6.8073566e-39
0.83214933 0.94488037 0.54613578 4.4167428e-39
0.54261577 0.99154669 0.5438025 4.9735207e-39
0.55939209 0.99249905 0.52813596 7.2801967e-39
0.69203174 0.99012375 0.53353578 4.788398e-39
0.71189344 0.98970199 0.54572374 4.2352326e-39
0.73047471 0.99988914 0.54313582 3.4079999e-39
0.76928914 0.97750914 0.5433358 4.4138702e-39
0.78663224 0.97479391 0.53849947 4.0458023e-39
0.80742955 0.97053719 0.53301084 4.049768e-39
0.5463621 1.0312276 0.54613566 5.2486853e-39
0.5604794 1.0458927 0.53872401 7.0961642e-39
0.58748198 1.0699496 0.52513576 7.8315741e-39
0.60547942 1.075083 0.52513576 7.18549e-39
0.67061299 1.0534084 0.52513582 1.4186231e-38
0.68715441 1.0502274 0.53638548 6.6258282e-39
0.71148759 1.0467616 0.54455054 4.6032879e-39
0.72835463 1.0439214 0.54403573 3.8682494e-39
0.56701064 1.1086937 0.53773582 6.6333938e-39
0.5812636 1.1261499 0.53277218 7.6475485e-39
0.60805047 1.0802164 0.52513576 7.0940132e-39
0.64729208 1.1260176 0.52933574 5.6188859e-39
0.66374624 1.1160764 0.53463566 5.6170881e-39
0.68668556 1.1105907 0.54018545 5.3390579e-39
0.71031713 1.1032401 0.53440052 6.6340874e-39
0.57097483 1.1773615 0.54613566 7.6478792e-39
0.58551943 1.171169 0.53644335 7.7397372e-39
0.6075362 1.1831416 0.52513593 7.9234081e-39
0.63826054 1.1889811 0.52513587 7.3691568e-39
0.66268599 1.1678015 0.53213573 6.262812e-39
0.68538046 1.1723547 0.54284137 5.8011192e-39
0.588112 1.2326639 0.53881001 8.017403e-39
0.61003292 1.2246854 0.52558237 8.4773036e-39
0.6355285 1.2201025 0.52513587 7.8315727e-39
0.66127139 1.2247226 0.52513593 6.0798571e-39
0.68282741 1.2331771 0.53321284 9.7612083e-39
0.53962755 1.3161072 0.53353572 5.620688e-39
0.56914598 1.3023374 0.53159738 6.5422884e-39
0.58776885 1.293268 0.53081143 7.9255746e-39
0.60033727 1.2906874 0.52513576 8.1096015e-39
0.68889999 1.2831717 0.53738576 7.0014631e-39
0.56347096 1.343963 0.5426358 6.4486494e-39
0.58407754 1.3432194 0.53123266 7.1869333e-39
0.6466164 1.3728223 0.52513576 4.6065249e-39
0.66495323 1.3630072 0.53488588 5.1575505e-39
0.68372899 1.3558744 0.54065758 6.1706192e-39
0.58914316 1.4033351 0.54034275 5.8972833e-39
0.61147648 1.4102238 0.53456408 6.1724114e-39
0.63649189 1.4098717 0.52613568 5.2500978e-39
0.66276634 1.4147577 0.53105879 5.5252484e-39
0.68414098 1.4220142 0.53521585 6.0766439e-39
0.59490883 1.4653528 0.54242992 7.2773241e-39
0.61390811 1.4677696 0.54330856 6.1734933e-39
0.63999653 1.4716904 0.54534298 5.1571749e-39
0.66256028 1.4684653 0.5461356 5.243998e-39
0.67819542 1.4696697 0.5401358 9.9409626e-39
0.62260616 1.5248684 0.54613566 3.9568423e-39
0.64265412 1.51403 0.54613578 5.4301647e-39
0.65621275 1.5102366 0.54613566 6.3485322e-39
0.41163594 0.10337804 0.56913567 6.2671238e-39
0.36940122 0.29485172 0.56913567 8.8464925e-39
0.38420513 0.29832911 0.56913567 8.1996994e-39
0.43253556 0.25790447 0.56913567 6.2714496e-39
0.36511415 0.33985722 0.56913567 5.5310441e-39
0.37810946 0.31962812 0.56913567 6.7281566e-39
0.34269616 0.37309298 0.56913567 5.992381e-39
0.35688028 0.39024493 0.56913567 4.6094466e-39
0.36330551 0.44437939 0.56913567 4.1488258e-39
0.38561183 0.51339227 0.56913567 3.8711501e-39
0.39596123 0.54739702 0.56913567 3.133585e-39
0.40651152 0.57036781 0.56913567 3.9611821e-39
0.41891351 0.62768739 0.56913567 3.4105222e-39
0.42861688 0.65823877 0.56913567 2.4939469e-39
0.43619305 0.68953526 0.56913567 4.6047634e-39
0.41535369 0.7713877 0.56913567 1.8888619e-38
0.4362168 0.74501544 0.56913567 5.9829895e-39
0.79174817 0.76777649 0.56913567 1.1063467e-38
0.41324946 0.80536306 0.56913567 7.1847809e-39
0.71076208 0.83558559 0.56913567 8.7484843e-39
0.39465499 0.89035439 0.56913567 2.9463253e-39
0.41180629 0.87413925 0.56913567 6.8188557e-39
0.71598697 0.84601772 0.56913567 7.7278752e-39
0.81409919 0.89412159 0.56913567 1.3715196e-38
0.39204252 0.90339464 0.56913567 2.4889303e-39
0.41514209 0.92206264 0.56913567 4.9760459e-39
0.43882921 0.93516541 0.56913567 5.1568218e-39
0.46257877 0.94147217 0.56913567 4.0508512e-39
0.48661336 0.94460166 0.56913567 3.3129148e-39
0.50997621 0.95406514 0.56913567 2.3906068e-39
0.79958558 0.90339464 0.56913567 2.341769e-38
0.81395411 0.91730422 0.56913567 8.1878079e-39
0.83247173 0.92579305 0.56913567 2.8494283e-39
0.48707056 0.97315967 0.56913567 6.6330309e-39
0.51400685 0.98834229 0.56913567 4.9738641e-39
0.52992219 0.98627251 0.56913567 3.6816959e-39
0.71468073 0.99337208 0.56913567 4.418905e-39
0.72904927 0.9712038 0.56913567 3.5905835e-39
0.7682361 0.97120368 0.56913567 5.1456731e-39
0.52266526 1.0233645 0.56913567 5.0649835e-39
0.54008168 1.0482031 0.56913567 3.867176e-39
0.55575639 1.0737867 0.56913567 7.2769485e-39
0.7172932 1.0624852 0.56913567 4.5121811e-39
0.72643679 1.0233645 0.56913567 1.5680656e-39
0.54774487 1.1005626 0.56913567 3.8671774e-39
0.55923963 1.1098026 0.56913567 6.2646127e-39
0.71598697 1.0807414 0.56913567 5.3419277e-39
0.56501466 1.1751801 0.56913567 7.2791135e-39
0.56864452 1.2199067 0.56913567 6.2646141e-39
0.68725002 1.2528722 0.56913567 6.4446823e-39
0.54669994 1.3446753 0.56913567 5.8958344e-39
0.5623132 1.340625 0.56913567 6.449011e-39
0.68829501 1.3650179 0.56913567 6.0795054e-39
0.5749144 1.4171788 0.56913567 5.8050793e-39
0.58601737 1.4282628 0.56913567 6.4493683e-39
0.59145999 1.4632542 0.56913567 7.2780457e-39
0.60626388 1.498028 0.56913567 6.0834528e-39
0.67157531 1.498028 0.56913567 8.1974965e-39
0.59581405 1.5032442 0.56913567 7.5546214e-39
0.61164719 1.5258471 0.56913567 4.5132516e-39
0.63650501 1.532486 0.56913567 5.0577878e-39
0.66199619 1.5171537 0.56913567 7.1764824e-39
0.68202507 1.5032442 0.56913567 9.3076949e-39
0.39869919 0.095178545 0.59113574 6.6344756e-39
0.40659863 0.089921117 0.59113574 5.8065086e-39
0.42503068 0.25290066 0.59113574 6.0892248e-39
0.36359048 0.30547476 0.59113574 8.2969046e-39
0.33901441 0.39426649 0.5911358 5.0686283e-39
0.34340301 0.43493831 0.59113574 3.6889238e-39
0.35598359 0.46027607 0.5911358 3.6889196e-39
0.37105107 0.49605566 0.59113574 3.7789544e-39
0.37989095 0.52778792 0.59113574 3.594196e-39
0.39151791 0.56117582 0.5911358 2.9459526e-39
0.40396547 0.59463203 0.59113574 3.6828043e-39
0.41114679 0.63430154 0.5911358 3.7742783e-39
0.4197644 0.66560698 0.59113574 6.174931e-39
0.42555735 0.69609994 0.5911358 4.8770203e-39
0.41186494 0.76812637 0.59113574 1.8438742e-38
0.42819047 0.74183935 0.59113574 6.719107e-39
0.39869919 0.81018561 0.59113574 3.0421195e-39
0.39869919 0.89167541 0.59113574 3.0410279e-39
0.40396547 0.8837893 0.59113574 6.7252069e-39
0.39606604 0.91270512 0.59113574 2.9470386e-39
0.41166237 0.92867959 0.59113586 5.5252638e-39
0.43460578 0.95404732 0.5911358 6.8177865e-39
0.4605782 0.95607859 0.59113574 6.536522e-39
0.48032689 0.95739293 0.59113574 6.5372031e-39
0.81737036 0.91533375 0.59113574 3.9492907e-39
0.43819645 0.96265036 0.59113574 7.8333635e-39
0.46370047 0.98022515 0.59113574 7.6479031e-39
0.488691 0.99697822 0.59113574 7.0018162e-39
0.510279 0.98630875 0.59113586 5.5273952e-39
0.52509046 0.98368001 0.59113574 4.6018445e-39
0.47084752 1.0472945 0.5911358 7.1865634e-39
0.4890523 1.0481092 0.59113556 6.2642511e-39
0.51060814 1.0454545 0.5911358 5.0657066e-39
0.53006428 1.0575758 0.59113586 3.9586401e-39
0.47242746 1.0835707 0.59113574 6.7245118e-39
0.4862954 1.1040747 0.59113586 6.5404751e-39
0.50402522 1.0835707 0.59113574 5.2493818e-39
0.54164171 1.1019716 0.59113586 4.0511987e-39
0.55317748 1.1308873 0.59113574 5.803287e-39
0.55706453 1.1654361 0.59113586 6.1731373e-39
0.56722093 1.2281493 0.59113574 5.9869566e-39
0.55405515 1.346441 0.59113574 6.0798711e-39
0.59594619 1.5280604 0.5911358 6.1709653e-39
0.66427135 1.5372097 0.59113586 7.1710972e-39
0.67886657 1.5209868 0.59113574 9.8511604e-39
0.40004319 0.084713876 0.61413574 6.2653287e-39
0.32039952 0.40186685 0.61413574 7.1894641e-39
0.32912239 0.40312892 0.61413574 4.7916812e-39
0.32039952 0.42395273 0.61413574 7.0936769e-39
0.33594903 0.44591242 0.61413574 3.2275827e-39
0.35402685 0.47519192 0.61413574 3.3197784e-39
0.36228621 0.49757227 0.61413574 3.5016445e-39
0.37349534 0.54586667 0.61413574 2.9470246e-39
0.38477817 0.56706911 0.61413574 2.4846087e-39
0.39473361 0.61609972 0.61413574 3.590966e-39
0.40240303 0.63126534 0.61413574 4.6922647e-39
0.41384813 0.68156219 0.61413574 6.0827368e-39
0.42128152 0.73933876 0.61413574 6.3463785e-39
0.42659107 0.73933882 0.61413574 3.4922964e-39
0.42128155 0.98493356 0.61413574 6.540122e-39
0.43964374 0.98581707 0.61413574 7.8322985e-39
0.45844853 1.007398 0.61413574 7.6482688e-39
0.44676748 1.0610856 0.61413574 7.2787646e-39
0.46322724 1.0515445 0.6141358 7.1865662e-39
0.48499644 1.0635593 0.61413574 6.1720569e-39
0.5119527 1.0661416 0.61413574 4.5125314e-39
0.46530673 1.1008844 0.61413574 6.9096206e-39
0.49163339 1.1162119 0.61413574 6.2642469e-39
0.51186299 1.1099576 0.61413574 5.0653478e-39
0.53379405 1.1175749 0.61413574 4.3281457e-39
0.47172251 1.1564965 0.61413574 7.18549e-39
0.4878788 1.1666434 0.61413574 6.5408394e-39
0.50847036 1.1610161 0.61413574 5.2497419e-39
0.54605657 1.1691297 0.61413574 5.8039905e-39
0.554021 1.1554365 0.61413574 5.3451829e-39
0.4956156 1.2243443 0.61413574 4.5143194e-39
0.50623477 1.2508473 0.61413574 5.6170671e-39
0.53986216 1.2172769 0.61413574 4.9746152e-39
0.51021689 1.2853013 0.61413574 5.8951113e-39
0.52747309 1.3197552 0.61413574 5.7121452e-39
0.47304991 1.344933 0.61413574 5.5277693e-39
0.47968686 1.3436079 0.61413574 5.3426578e-39
0.52216351 1.3303564 0.61413574 6.2635421e-39
0.53411007 1.3396325 0.61413574 5.8958316e-39
0.66906184 1.5423807 0.61413574 6.8963054e-39
0.679681 1.5414972 0.61413574 1.1046462e-38
0.39255235 0.075944185 0.63713574 6.1745723e-39
0.31368694 0.40868527 0.63713574 6.6409692e-39
0.31803223 0.44665769 0.63713562 6.1767499e-39
0.33155209 0.46325892 0.63713562 3.4119726e-39
0.31850451 0.48296422 0.63713574 7.4678348e-39
0.33977509 0.49069867 0.63713562 3.9637072e-39
0.35906273 0.51358831 0.63713568 3.3179791e-39
0.36935663 0.55724311 0.63713574 2.7626347e-39
0.38422567 0.58538723 0.63713574 2.668644e-39
0.38923869 0.62724704 0.63713568 4.6922689e-39
0.40147373 0.65663797 0.63713574 2.0597976e-38
0.40567952 0.69060928 0.63713568 8.7495591e-39
0.41619408 0.73412311 0.63713574 5.0560194e-39
0.82167268 0.91046882 0.63713574 5.326882e-39
0.41917935 1.0027524 0.63713568 6.1734933e-39
0.43129677 1.000932 0.63713568 7.7404616e-39
0.41552493 1.0349352 0.63713562 4.2374046e-39
0.437305 1.0481539 0.63713598 7.279838e-39
0.45500228 1.044064 0.63713574 7.4635076e-39
0.42020872 1.1309009 0.63713574 3.8700627e-39
0.44349366 1.1052507 0.63713562 6.9099779e-39
0.45972538 1.1246927 0.63713562 7.186569e-39
0.49782509 1.129565 0.63713574 5.8951113e-39
0.5222953 1.115442 0.6371358 4.4203357e-39
0.42020872 1.1455964 0.63713574 4.4225064e-39
0.43927822 1.1549481 0.63713562 6.725595e-39
0.46156368 1.172057 0.63713568 7.4624356e-39
0.49101242 1.1749874 0.63713568 5.9883789e-39
0.51641917 1.1749874 0.63713586 4.6965625e-39
0.53405982 1.1696435 0.63713562 5.0657038e-39
0.42288515 1.2230816 0.63713574 7.0021763e-39
0.44322601 1.2303492 0.63713557 8.0166898e-39
0.46321824 1.2290471 0.63713592 7.5546228e-39
0.48702025 1.2284256 0.63713592 5.7103515e-39
0.51367778 1.227295 0.63713598 4.3292219e-39
0.53388631 1.2250503 0.63713562 4.9749557e-39
0.44575649 1.2850213 0.63713562 7.7400959e-39
0.46376151 1.2889074 0.63713598 6.9096178e-39
0.48675022 1.2904319 0.6371358 5.8032716e-39
0.51398462 1.2895263 0.63713592 5.7110788e-39
0.52994215 1.2604883 0.63713574 4.9753158e-39
0.40861088 1.3744895 0.63713574 6.1724157e-39
0.44365427 1.3415002 0.63713557 6.8177907e-39
0.46266979 1.3494552 0.63713586 5.9876671e-39
0.48752335 1.351434 0.63713592 4.973155e-39
0.51245618 1.3543018 0.63713598 5.7114459e-39
0.53334856 1.3615348 0.63713568 5.7125193e-39
0.41753229 1.4314902 0.63713574 6.4490152e-39
0.47106081 1.3860676 0.63713574 4.4203442e-39
0.48961741 1.3898084 0.63713568 4.5121797e-39
0.51292777 1.4030536 0.63713568 6.1720653e-39
0.52994215 1.3833958 0.63713574 6.1716996e-39
0.43664965 1.4834014 0.6371358 6.631233e-39
0.51777667 1.4489789 0.63713568 7.2784129e-39
0.69052786 1.546382 0.63713574 1.2064189e-38
0.70337456 1.5447788 0.63713574 1.1049024e-38
0.31105798 0.45803136 0.66113567 8.9397209e-39
0.32005462 0.49979517 0.66113567 4.7012695e-39
0.33846328 0.51699829 0.66113579 3.9640646e-39
0.35424206 0.52673966 0.66113567 3.5938415e-39
0.34274942 0.56567866 0.66113585 4.0548211e-39
0.3605707 0.57282388 0.66113585 3.4076524e-39
0.37763342 0.59499896 0.66113567 3.0402894e-39
0.37043607 0.60757297 0.66113567 3.7764391e-39
0.37988254 0.63092482 0.66113567 4.8809832e-39
0.39298064 0.69157612 0.66113567 8.0062992e-39
0.4028241 0.71265626 0.66113567 5.4244123e-39
0.39472708 0.7207396 0.66113567 7.080373e-39
0.40822211 0.7401396 0.66113567 7.1736406e-39
0.4028241 1.0171285 0.66113567 1.7499541e-39
0.41593352 1.0648587 0.66113567 4.3303219e-39
0.42201701 1.1111345 0.66113567 4.4228721e-39
0.43435985 1.1206518 0.66113567 6.7259524e-39
0.43737137 1.1714301 0.66113591 7.2791233e-39
0.45140618 1.1949617 0.66113567 7.8297636e-39
0.41803664 1.2402772 0.66113567 7.4631517e-39
0.43441248 1.2256982 0.66113579 8.1088798e-39
0.45140618 1.203045 0.66113567 7.8294076e-39
0.52158028 1.2434616 0.66113567 5.3426564e-39
0.53477544 1.2338815 0.66113567 5.0671471e-39
0.3974261 1.294656 0.66113567 6.0798725e-39
0.41595441 1.2969135 0.66113603 7.555713e-39
0.43431252 1.2966769 0.66113567 7.8322929e-39
0.45140618 1.3054338 0.66113567 7.2787576e-39
0.41785097 1.3521132 0.66113603 6.8177893e-39
0.43457708 1.3610662 0.66113567 6.5412024e-39
0.45680416 1.3781838 0.66113567 5.5270462e-39
0.51078427 1.3647116 0.66113567 5.8043604e-39
0.41750675 1.4021105 0.66113567 6.3568041e-39
0.43881077 1.4044751 0.66113597 5.8961875e-39
0.46139821 1.4133836 0.66113609 4.9735137e-39
0.48821074 1.4219481 0.66113597 4.7887665e-39
0.50808525 1.4177024 0.66113567 5.2519167e-39
0.41961786 1.4662024 0.66113567 6.1727744e-39
0.43770355 1.4801583 0.66113567 5.9894607e-39
0.46260959 1.4694899 0.66113621 6.2646043e-39
0.48751289 1.4665616 0.66113615 6.2642497e-39
0.51078427 1.4657534 0.66113567 8.202146e-39
0.44061017 1.5048226 0.66113567 4.4192862e-39
0.46340173 1.5045234 0.66113567 5.6206614e-39
0.48469388 1.5039246 0.66113567 5.3451759e-39
0.68891853 1.5452393 0.66113567 1.2151704e-38
0.32261729 0.5196588 0.6851356 4.3314108e-39
0.32942122 0.53188521 0.6851356 4.4228777e-39
0.33404791 0.57508528 0.68513566 4.1466524e-39
0.36071944 0.59573436 0.6851356 3.7775083e-39
0.34464914 0.61824644 0.68513578 4.3288912e-39
0.36176622 0.62353104 0.68513572 4.420368e-39
0.38249207 0.65550798 0.6851356 1.6794142e-39
0.36543688 0.69825512 0.68513572 4.6947955e-39
0.38093692 0.69121683 0.68513572 6.0712699e-39
0.36434823 0.72252691 0.6851356 4.3245346e-39
0.38702807 0.72433823 0.6851356 5.8861514e-39
0.40426475 0.73158348 0.6851356 4.6868837e-39
0.40607911 1.0730177 0.6851356 2.7622942e-39
0.41242951 1.0929422 0.6851356 3.0370846e-39
0.42059427 1.1934707 0.6851356 6.3575216e-39
0.4260374 1.1934707 0.6851356 7.004686e-39
0.39773297 1.2521576 0.6851356 7.6514568e-39
0.41152233 1.2306027 0.6851356 7.4627761e-39
0.5330863 1.2441877 0.6851356 4.9753158e-39
0.39610004 1.2863916 0.68513566 6.7237888e-39
0.40644205 1.2872972 0.68513572 7.3709588e-39
0.39882159 1.3320367 0.6851356 6.7259566e-39
0.40426475 1.3465275 0.6851356 6.6341169e-39
0.41460678 1.4216975 0.68513566 6.1731303e-39
0.43256924 1.4331087 0.68513566 6.5404807e-39
0.41817507 1.4609425 0.68513566 6.4489997e-39
0.43672216 1.4641627 0.68513566 6.6333924e-39
0.49316978 1.4893199 0.68513566 6.7241517e-39
0.51040649 1.4814708 0.6851356 9.7658676e-39
0.44236693 1.5219237 0.68513566 1.9332468e-39
0.46117061 1.5244486 0.68513566 1.8406728e-39
0.4884524 1.5184218 0.68513572 3.4955152e-39
0.50224173 1.5140747 0.6851356 4.9699152e-39
0.58388919 1.5521126 0.6851356 5.6142294e-39
0.67642295 1.5466785 0.6851356 1.1139369e-38
0.7409634 1.5420209 0.6851356 7.0014476e-39
0.33993584 0.63302678 0.70913577 4.422163e-39
0.36188912 0.65189904 0.70913583 5.0624934e-39
0.34542418 0.69329631 0.70913577 7.2902973e-39
0.36210018 0.67770207 0.70913583 6.4439859e-39
0.37835407 0.68233818 0.70913577 3.5819809e-39
0.36894563 0.73086685 0.70913577 6.623687e-39
0.38803938 0.74454147 0.70913589 6.9010082e-39
0.40030736 0.74260771 0.70913577 4.6861467e-39
0.411284 1.2247639 0.70913577 6.1706332e-39
0.42226064 1.4603628 0.70913577 6.81922e-39
0.49909711 1.4959766 0.70913577 7.1872808e-39
0.50458544 1.4959766 0.70913577 8.1078176e-39
0.44092098 1.5414526 0.70913577 4.2334306e-39
0.46397191 1.5436442 0.70913583 3.4955082e-39
0.48896483 1.5383338 0.70913589 4.4167428e-39
0.5062741 1.5282189 0.70913589 5.890075e-39
0.34359926 0.6451444 0.73413563 4.7891463e-39
0.35743761 0.65435445 0.73413563 5.2443833e-39
0.35743761 0.68198442 0.73413563 6.2570779e-39
0.36951479 0.74980354 0.73413563 3.8625153e-39
0.38511443 0.74277055 0.73413563 5.1463947e-39
0.38880467 1.0697258 0.73413563 2.4867695e-39
0.50689226 1.4998331 0.73413563 9.3131487e-39
0.42386192 1.5412781 0.73413563 3.4048035e-39
0.42939728 1.5440412 0.73413563 3.2150215e-39
0.51208168 1.5298808 0.73413563 7.0893315e-39
0.8694582 1.5495671 0.73413563 5.989102e-39
0.88329667 1.5495671 0.73413563 6.1738492e-39
0.34740371 0.70949548 0.75913572 3.4994809e-39
0.3529861 0.70949548 0.75913572 3.959743e-39
0.38648048 0.76522511 0.75913572 2.3417596e-38
0.51651746 1.5244594 0.75913584 8.6580711e-39
0.53472412 1.5386285 0.7591359 1.0134605e-38
0.87214887 1.5510128 0.75913572 5.6221145e-39
0.88331366 1.5510128 0.75913572 6.0812948e-39
0.52292728 1.5413979 0.78513575 9.3055663e-39
0.53606701 1.5395241 0.78513575 9.399571e-39
0.75618553 1.5517124 0.86513567 5.8969064e-39
0.77931285 1.5517124 0.86513567 5.8043492e-39
0.75699043 1.5456669 0.89313579 5.9887475e-39
0.7813009 1.5476084 0.89313579 5.529207e-39
0.76273656 1.5491712 0.92113566 5.8050863e-39
0.75573575 1.550629 0.94913578 5.8969162e-39
0.9190824 1.5328395 0.94913578 6.0798613e-39
0.93690205 1.5387694 0.94913578 5.8965546e-39
0.95472169 1.5476642 0.94913578 5.8972735e-39
0.7348007 1.5498478 0.97813588 6.2638896e-39
0.83430856 1.5444618 0.978136 5.5284868e-39
0.8894574 1.5452598 0.97813594 5.7125221e-39
0.91043794 1.5472546 0.97813594 5.8961959e-39
0.93741292 1.5416027 0.97813594 5.8965504e-39
0.95539618 1.5462573 0.97813582 5.8969148e-39
